.Random.seed <-
c(403L, 10L, 373652584L, 314374251L, 1637802505L, -504419176L, 
1785683910L, -1070009567L, 1669439411L, -1706330334L, 426805524L, 
176310679L, 1013930381L, -789938012L, 697711242L, -1965772555L, 
-1257826481L, -1866887082L, 299891456L, -1697411517L, 1837151713L, 
-1454333616L, -255330386L, -1394356903L, 685874027L, -314860838L, 
1331755932L, -1560795233L, 638414325L, -1607188340L, 285376866L, 
229129533L, 1441500599L, -59032994L, 289082264L, -1240538373L, 
-273896807L, -512740568L, -196673066L, 134737489L, -171569917L, 
-488038254L, 1942091300L, 562481383L, -1921794755L, -140355148L, 
828737050L, 1406117221L, -353154049L, -945526138L, -1174283760L, 
972243123L, 1056578385L, -1537313024L, -1381149218L, -112271831L, 
1771640283L, 7281386L, -369813364L, 1946372047L, 1653923717L, 
907013180L, -1880670958L, 1214020109L, 623989063L, 1285853998L, 
1786531464L, -1056921717L, 1238386537L, -88131272L, -1812560922L, 
-162393215L, -541111533L, -569772862L, 596414324L, 1371509623L, 
-496442259L, 1913576196L, 1942561322L, 492752789L, 700470319L, 
385183030L, 2053879136L, 1868116899L, 960664769L, 569906352L, 
-85642290L, 2061440825L, 1575724875L, -1931782918L, 1951206908L, 
16555583L, -1977703659L, -425549780L, 1694802178L, 666388957L, 
787241175L, -1716132930L, 584754680L, -909524517L, 1261211705L, 
-368989816L, -1148484298L, -1651212431L, 1929915811L, -1479102222L, 
-171135932L, -756427001L, 1514551005L, 1614854100L, 1118291706L, 
1229240901L, -1095058785L, 130897958L, 333221040L, -2006639277L, 
397740145L, 146150816L, -177714882L, -1914021815L, -1414009605L, 
376947914L, -270599636L, -1139999185L, -606491L, -713411684L, 
-549464590L, -1794027411L, 1640249767L, 660597710L, -1627582168L, 
-2039590101L, 1055830345L, -1522809256L, -2087774458L, 1002410721L, 
1160590963L, -1411473694L, 1582703188L, 1176570711L, -38686899L, 
-1319922972L, 51264202L, -2144636107L, 1268332943L, -1939067242L, 
-1031123392L, 1786713859L, -182989023L, 1333852176L, 39133166L, 
1527521177L, 1291618347L, -267588326L, 1141456860L, -708369953L, 
-1841240651L, -247045300L, -1743601246L, -699535107L, -1808187913L, 
-449787106L, -1709959720L, 977489723L, 1454606553L, -1861352344L, 
-1623238250L, -963909359L, -1609930045L, 1779426002L, 1310991204L, 
1010894503L, -1282650115L, 876939764L, 951817946L, 437930021L, 
-1670527681L, 783059654L, 1397745488L, 586618739L, -1062872687L, 
-531895360L, -1019421282L, 2018774889L, 1425492891L, -160034134L, 
503971020L, 646604175L, 1449132485L, 287860092L, -474878510L, 
-429827763L, -178344953L, 1288883182L, -815181112L, -1760367157L, 
-1202763735L, 1036267128L, -982045786L, -1040515647L, 1430510163L, 
-538439422L, 483366964L, -1611398729L, -268859987L, -1796694332L, 
86209258L, 323667285L, 48724719L, -33871626L, -2126280672L, 1413962211L, 
1867729537L, 1912153328L, 1178999694L, -242584327L, -484286837L, 
-408613190L, 245023164L, 1488835327L, 1035953749L, 332251500L, 
142025154L, -1587512803L, 163693207L, -700216322L, -1910798408L, 
-1874183269L, -238837255L, 1018746316L, -204053280L, 1856808994L, 
1003687720L, 979985932L, 1183173436L, 110328818L, 1253757680L, 
1860534852L, -860363176L, 1106865978L, 556411888L, 1153015484L, 
762264852L, -1176133438L, 98370656L, 79499644L, 323039184L, 1108183330L, 
212508328L, -1636904052L, 1837290684L, 2072995634L, 456831552L, 
818875572L, 1567450184L, 47636922L, 1325575696L, 1778182380L, 
-1409011372L, 601714450L, 1936283040L, 1052895948L, 1705895520L, 
-1740111934L, 1750825768L, -854186580L, -1203685060L, -1015441550L, 
391575856L, 997830436L, -911590088L, -67142950L, 1919100816L, 
763134716L, -1058435180L, -1247340478L, 740850944L, -502082500L, 
-1377999536L, 1816922274L, 1938986824L, -1236340980L, 1089284828L, 
1985948498L, -1743674752L, -1688295340L, -1857788952L, 1238873850L, 
-707612336L, -1477194964L, -1898143884L, 1730010002L, -1642013088L, 
203734924L, 1920082784L, 1701232610L, 840474536L, -263134004L, 
167583228L, -400874574L, 1469690352L, 1735127492L, -1513602728L, 
-1416620678L, -89632336L, 1211015100L, -1096871852L, 1423004610L, 
-1005929440L, 2092022972L, -291007920L, 877991906L, -2005963160L, 
-304375220L, -1768099588L, 1244676082L, 1333810432L, 1919176564L, 
-1878589432L, -904364614L, 47457744L, 1055030252L, -1789288556L, 
1147081682L, 400164704L, 869891404L, 973659424L, 642622338L, 
154727144L, -1254521620L, 350306876L, 289760114L, 1298643568L, 
-1589456860L, 623583032L, 593527962L, -1810277680L, 1264584892L, 
-1728858476L, -2069991806L, -593118016L, 209670460L, 392767632L, 
113803810L, -1168220664L, -1106396916L, 1793526428L, -225647086L, 
-1312692864L, -766880236L, 1811975720L, -2004396742L, 392280016L, 
-2086682004L, 689573684L, 1729305234L, -200099488L, -166033076L, 
1139867616L, 1633204130L, 1446711208L, -745479284L, -549652804L, 
1919646578L, 283351280L, 1213165636L, -1834468008L, -690772934L, 
1809062768L, 468388924L, 1399735060L, 2063761858L, 406839520L, 
-724121732L, -1757784368L, -1918638430L, -513037272L, 995135756L, 
-1030599748L, 1267473714L, 1758918592L, 374395444L, 2110774216L, 
-1718586182L, 1983790992L, -1870762516L, 2136387668L, -409129326L, 
2130498336L, -958126644L, -1383040032L, 1496513218L, 663226920L, 
-861706580L, 1024314044L, -1659827726L, -2060469968L, 332913828L, 
-2056701256L, -562384038L, -1156680304L, 1792041340L, -256097004L, 
-588484286L, -987702528L, 130018236L, -97389744L, -2128430814L, 
1128783176L, -1242212340L, -2115575716L, 419396818L, 735401984L, 
770505556L, -924640792L, 185520122L, -934048048L, -1328974548L, 
792494324L, -512182382L, -1197089696L, -1654600436L, 1083162336L, 
-692044446L, -471063896L, -1616524724L, 179537788L, 354110258L, 
1364194928L, 1782914372L, 2111781848L, -1681391494L, 1487615536L, 
816538300L, -581105836L, 218477122L, 1636557728L, -1173757764L, 
-1479648816L, 1066427746L, -311473176L, 1998311372L, 145659644L, 
-1246777358L, 1221278848L, 154876148L, -1911544696L, 254264634L, 
-1389104304L, 1335426156L, 1600950420L, 413727058L, 173663968L, 
-318480180L, 797159584L, -445664894L, -1096149908L, -1900431238L, 
-893034065L, 677042361L, -1618662706L, 650979356L, -1365423219L, 
501708279L, -1452529408L, -1680709794L, -1138081749L, 736157485L, 
-1167891558L, 842572120L, 1216943297L, 1961792371L, -2118430572L, 
942626082L, -978484169L, 1344756993L, 326639622L, 92149316L, 
-910069899L, 1822466783L, -2146312648L, 412294678L, -1467837917L, 
1434181093L, -487713790L, -853854608L, -628337639L, 214570507L, 
-1541503748L, 1286785322L, 1944514399L, 660623081L, 2113621502L, 
-371580436L, 137644349L, 1100060935L, -542062352L, -1432718194L, 
166235835L, 1361387165L, -44406198L, -1914034072L, 1876883537L, 
1066199875L, 397073988L, -797303566L, -324069177L, 704723601L, 
128541718L, 1770802804L, -694830843L, -424757425L, 1253630280L, 
-762049306L, -1035623917L, -240093835L, 1439336786L, -1674681952L, 
-61884279L, -1922969413L, -761722100L, 1409219226L, -1564987377L, 
601896025L, 429242606L, 2131770236L, 1548732397L, 1076035735L, 
-1836446880L, -2348226L, 1690223627L, -339164019L, -166808134L, 
-123364360L, -1937999967L, -1964469933L, -245813132L, -132955646L, 
-1058186089L, -951787935L, 958809766L, -962122076L, -1146418347L, 
1339287551L, -579815784L, -1651065930L, 1827221571L, 1759840645L, 
-1826678238L, -522301168L, -1936281415L, 1317762411L, -237228964L, 
980156810L, -203012737L, 158779593L, 1569197406L, 642403852L, 
-963976739L, 1759781095L, 731452688L, 1981217838L, -901463333L, 
-2025892931L, -1623872214L, -1709444664L, 996806385L, -2095194013L, 
-1970367388L, 741037970L, -1938490265L, -20999119L, 222944630L, 
1881094804L, 1219659941L, -345895505L, 1534637672L, 1768877638L, 
1161374707L, 999365461L, 949392690L, 1389590784L, -1349262871L, 
-1246571429L, 1328303788L, 916703418L, -593698193L, 1392308217L, 
274460302L, -1032044708L, -362691635L, 562922295L, -1726244416L, 
-1452241250L, 1857296235L, 1198952173L, -679183526L, 597071896L, 
-1753664127L, 1892467507L, 176558420L, -1832463518L, 1998082039L, 
